-1.0 -1.0 -1.0 0.0 1.0 0.0
1.0 -1.0 -1.0 0.0 1.0 0.0
1.0 -0.8 -1.0 0.0 1.0 0.0
-1.0 -1.0 -0.7 1.0 1.0 1.0
1.0 -1.0 -0.7 1.0 1.0 1.0
1.0 -0.8 -0.7 1.0 1.0 1.0
1.0 -1.0 -0.7 1.0 1.0 1.0
-1.0 -1.0 -1.0 1.0 1.0 1.0
-1.0 -1.0 -0.7 1.0 1.0 1.0
1.0 -1.0 -0.7 1.0 1.0 1.0
1.0 -0.8 -0.7 1.0 1.0 1.0
1.0 -1.0 -1.0 1.0 1.0 1.0
1.0 -0.8 -1.0 0.61884487 0.70968956 0.41384745
1.0 -1.0 -1.0 0.61884487 0.70968956 0.41384745
1.0 -0.8 -0.7 0.61884487 0.70968956 0.41384745
-1.0 -1.0 -1.0 0.6392768 0.36465928 0.10648433
1.0 -0.8 -1.0 0.6392768 0.36465928 0.10648433
1.0 -0.8 -0.7 0.6392768 0.36465928 0.10648433
-1.0 -1.0 -1.0 0.081498384 0.22824466 0.6809524
-1.0 -1.0 -0.7 0.081498384 0.22824466 0.6809524
1.0 -0.8 -0.7 0.081498384 0.22824466 0.6809524
-1.0 -1.0 -1.0 0.26458836 0.94711655 0.6213572
1.0 -1.0 -0.7 0.26458836 0.94711655 0.6213572
1.0 -0.8 -0.7 0.26458836 0.94711655 0.6213572
-1.0 -1.0 -1.0 0.8781726 0.87898356 0.48003232
1.0 -1.0 -1.0 0.8781726 0.87898356 0.48003232
1.0 -1.0 -0.7 0.8781726 0.87898356 0.48003232
1.0 -1.0 -1.0 0.86697227 0.6463461 0.5032734
-1.0 -1.0 -0.7 0.86697227 0.6463461 0.5032734
1.0 -1.0 -0.7 0.86697227 0.6463461 0.5032734
-1.0 -1.0 -1.0 0.9716826 0.21332729 0.20859814
1.0 -1.0 -1.0 0.9716826 0.21332729 0.20859814
-1.0 -1.0 -0.7 0.9716826 0.21332729 0.20859814
-1.0 -1.0 -1.0 0.048767477 0.11918301 0.875625
1.0 -0.8 -1.0 0.048767477 0.11918301 0.875625
-1.0 -1.0 -0.7 0.048767477 0.11918301 0.875625
1.0 -0.8 -1.0 0.08419404 0.9767667 0.9386051
-1.0 -1.0 -0.7 0.08419404 0.9767667 0.9386051
1.0 -0.8 -0.7 0.08419404 0.9767667 0.9386051
